-0.02745933 0.00000000
-0.02761995 -0.00124423
-0.02753964 -0.00062211
-0.02778058 -0.00248846
-0.02770027 -0.00186634
-0.02794120 -0.00373268
-0.02786089 -0.00311057
-0.02837408 -0.00497631
-0.02815764 -0.00435480
-0.02880696 -0.00621934
-0.02859052 -0.00559782
-0.02923984 -0.00746236
-0.02902340 -0.00684085
-0.02967272 -0.00870539
-0.02945628 -0.00808388
-0.03030435 -0.00994722
-0.02998853 -0.00932690
-0.03093599 -0.01118784
-0.03062017 -0.01056753
-0.03156762 -0.01242847
-0.03125180 -0.01180815
-0.03219926 -0.01366909
-0.03188344 -0.01304878
-0.03295616 -0.01490791
-0.03257771 -0.01428940
-0.03371306 -0.01614493
-0.03333461 -0.01552642
-0.03446995 -0.01738195
-0.03409150 -0.01676344
-0.03522685 -0.01861898
-0.03484840 -0.01800046
-0.03603552 -0.01985359
-0.03563119 -0.01923749
-0.03684419 -0.02108581
-0.03643985 -0.02046970
-0.03765285 -0.02231803
-0.03724852 -0.02170192
-0.03846152 -0.02355024
-0.03805718 -0.02293413
-0.03924846 -0.02477946
-0.03885499 -0.02416635
-0.04003540 -0.02600567
-0.03964193 -0.02539256
-0.04082234 -0.02723188
-0.04042887 -0.02661877
-0.04160927 -0.02845809
-0.04121580 -0.02784498
-0.04230099 -0.02968070
-0.04195513 -0.02907119
-0.04299271 -0.03089970
-0.04264685 -0.03029020
-0.04368442 -0.03211870
-0.04333857 -0.03150920
-0.04437614 -0.03333771
-0.04403028 -0.03272821
-0.04489914 -0.03455251
-0.04463764 -0.03394721
-0.04542214 -0.03576310
-0.04516064 -0.03515781
-0.04594514 -0.03697370
-0.04568364 -0.03636840
-0.04646814 -0.03818429
-0.04620664 -0.03757900
-0.04674893 -0.03939009
-0.04660853 -0.03878959
-0.04702971 -0.04059107
-0.04688932 -0.03999058
-0.04731050 -0.04179206
-0.04717011 -0.04119157
-0.04759129 -0.04299305
-0.04745089 -0.04239255
-0.04756647 -0.04418779
-0.04757888 -0.04359354
-0.04754164 -0.04537631
-0.04755406 -0.04478205
-0.04751682 -0.04656482
-0.04752923 -0.04597056
-0.04749200 -0.04775333
-0.04750441 -0.04715907
-0.04716477 -0.04892868
-0.04732839 -0.04834758
-0.04683754 -0.05009087
-0.04700116 -0.04950977
-0.04651031 -0.05125306
-0.04667393 -0.05067196
-0.04618309 -0.05241525
-0.04634670 -0.05183415
-0.04558362 -0.05355513
-0.04588335 -0.05299634
-0.04498416 -0.05467270
-0.04528389 -0.05411392
-0.04438469 -0.05579028
-0.04468442 -0.05523149
-0.04378523 -0.05690785
-0.04408496 -0.05634906
-0.04294378 -0.05799396
-0.04336450 -0.05746664
-0.04210232 -0.05904862
-0.04252305 -0.05852129
-0.04126087 -0.06010327
-0.04168160 -0.05957594
-0.04041942 -0.06115792
-0.04084015 -0.06063060
-0.03936623 -0.06217196
-0.03989283 -0.06168525
-0.03831304 -0.06314539
-0.03883964 -0.06265867
-0.03725985 -0.06411881
-0.03778645 -0.06363210
-0.03620666 -0.06509224
-0.03673326 -0.06460552
-0.03497198 -0.06601589
-0.03558932 -0.06557895
-0.03373730 -0.06688979
-0.03435464 -0.06645284
-0.03250262 -0.06776368
-0.03311996 -0.06732673
-0.03126794 -0.06863757
-0.03188528 -0.06820062
-0.02988202 -0.06945254
-0.03057498 -0.06907452
-0.02849609 -0.07020859
-0.02918906 -0.06983057
-0.02711017 -0.07096465
-0.02780313 -0.07058662
-0.02572425 -0.07172070
-0.02641721 -0.07134267
-0.02421733 -0.07240868
-0.02497079 -0.07209872
-0.02271042 -0.07302858
-0.02346388 -0.07271863
-0.02120350 -0.07364849
-0.02195696 -0.07333854
-0.01969659 -0.07426840
-0.02045004 -0.07395844
-0.01809893 -0.07481108
-0.01889776 -0.07457835
-0.01650126 -0.07527653
-0.01730010 -0.07504381
-0.01490360 -0.07574199
-0.01570243 -0.07550926
-0.01330594 -0.07620744
-0.01410477 -0.07597472
-0.01164779 -0.07658652
-0.01247686 -0.07644017
-0.00998963 -0.07687922
-0.01081871 -0.07673287
-0.00833147 -0.07717191
-0.00916055 -0.07702557
-0.00667331 -0.07746461
-0.00750239 -0.07731826
-0.00498491 -0.07766178
-0.00582911 -0.07761096
-0.00329650 -0.07776341
-0.00414070 -0.07771259
-0.00160809 -0.07786505
-0.00245230 -0.0778142 
0.00008031 -0.07796668
-0.00076389 -0.0779158 
0.00176872 -0.07796668
0.00092452 -0.07801750
0.00345712 -0.07786505
0.00261292 -0.07791586
0.00514553 -0.07776341
0.00430133 -0.07781423
0.00683394 -0.07766178
0.00598973 -0.07771259
0.00849209 -0.07746461
0.00766302 -0.07761096
0.01015025 -0.07717191
0.00932117 -0.07731826
0.01180841 -0.07687922
0.01097933 -0.07702557
0.01346657 -0.07658652
0.01263749 -0.07673287
0.01506423 -0.07620744
0.01426540 -0.07644017
0.01666189 -0.07574199
0.01586306 -0.07597472
0.01825955 -0.07527653
0.01746072 -0.07550926
0.01985721 -0.07481108
0.01905838 -0.07504381
0.02136413 -0.07426840
0.02061067 -0.07457835
0.02287104 -0.07364849
0.02211759 -0.07395844
0.02437796 -0.07302858
0.02362450 -0.07333854
0.02588488 -0.07240868
0.02513142 -0.07271863
0.02727080 -0.07172070
0.02657784 -0.07209872
0.02865672 -0.07096465
0.02796376 -0.07134267
0.03004264 -0.07020859
0.02934968 -0.07058662
0.03142856 -0.06945254
0.03073560 -0.06983057
0.03266324 -0.06863757
0.03204590 -0.06907452
0.03389793 -0.06776368
0.03328059 -0.06820062
0.03513261 -0.06688979
0.03451527 -0.06732673
0.03636729 -0.06601589
0.03574995 -0.06645284
0.03742048 -0.06509224
0.03689388 -0.06557895
0.03847367 -0.06411881
0.03794707 -0.06460552
0.03952686 -0.06314539
0.03900026 -0.06363210
0.04058005 -0.06217196
0.04005345 -0.06265867
0.04142150 -0.06115792
0.04100077 -0.06168525
0.04226295 -0.06010327
0.04184222 -0.06063060
0.04310440 -0.05904862
0.04268368 -0.05957594
0.04394585 -0.05799396
0.04352513 -0.05852129
0.04454532 -0.05690785
0.04424558 -0.05746664
0.04514478 -0.05579028
0.04484505 -0.05634906
0.04574425 -0.05467270
0.04544451 -0.05523149
0.04634371 -0.05355513
0.04604398 -0.05411392
0.04667094 -0.05241525
0.04650732 -0.05299634
0.04699817 -0.05125306
0.04683455 -0.05183415
0.04732540 -0.05009087
0.04716178 -0.05067196
0.04765263 -0.04892868
0.04748901 -0.04950977
0.04767745 -0.04775333
0.04766504 -0.04834758
0.04770227 -0.04656482
0.04768986 -0.04715907
0.04772709 -0.04537631
0.04771468 -0.04597056
0.04775191 -0.04418779
0.04773950 -0.04478205
0.04747113 -0.04299305
0.04761152 -0.04359354
0.04719034 -0.04179206
0.04733073 -0.04239255
0.04690955 -0.04059107
0.04704994 -0.04119157
0.04662876 -0.03939009
0.04676916 -0.03999058
0.04610576 -0.03818429
0.04636726 -0.03878959
0.04558277 -0.03697370
0.04584427 -0.03757900
0.04505977 -0.03576310
0.04532127 -0.03636840
0.04453677 -0.03455251
0.04479827 -0.03515781
0.04384505 -0.03333771
0.04419091 -0.03394721
0.04315333 -0.03211870
0.04349919 -0.03272821
0.04246162 -0.03089970
0.04280747 -0.03150920
0.04176990 -0.02968070
0.04211576 -0.03029020
0.04098296 -0.02845809
0.04137643 -0.02907119
0.04019602 -0.02723188
0.04058949 -0.02784498
0.03940908 -0.02600567
0.03980255 -0.02661877
0.03862214 -0.02477946
0.03901561 -0.02539256
0.03781348 -0.02355024
0.03821781 -0.02416635
0.03700481 -0.02231803
0.03740914 -0.02293413
0.03619614 -0.02108581
0.03660048 -0.02170192
0.03538748 -0.01985359
0.03579181 -0.02046970
0.03463058 -0.01861898
0.03500903 -0.01923749
0.03387368 -0.01738195
0.03425213 -0.01800046
0.03311678 -0.01614493
0.03349523 -0.01676344
0.03235988 -0.01490791
0.03273833 -0.01552642
0.03172825 -0.01366909
0.03204407 -0.01428940
0.03109661 -0.01242847
0.03141243 -0.01304878
0.03046498 -0.01118784
0.03078079 -0.01180815
0.02983334 -0.00994722
0.03014916 -0.01056753
0.02940046 -0.00870539
0.02961690 -0.00932690
0.02896758 -0.00746236
0.02918402 -0.00808388
0.02853471 -0.00621934
0.02875115 -0.00684085
0.02810183 -0.00497631
0.02831827 -0.00559782
0.02794120 -0.00373268
0.02802152 -0.00435480
0.02778058 -0.00248846
0.02786089 -0.00311057
0.02761996 -0.00124423
0.02770027 -0.0018663 
0.02745933 0.00000000
0.02753964 -0.0006221 
0.02761995 0.00124423
0.02753964 0.00062211
0.02778058 0.00248846
0.02770027 0.00186634
0.02794120 0.00373268
0.02786089 0.00311057
0.02837408 0.00497631
0.02815764 0.00435480
0.02880696 0.00621934
0.02859052 0.00559782
0.02923984 0.00746236
0.02902340 0.00684085
0.02967272 0.00870539
0.02945628 0.00808388
0.03030435 0.00994722
0.02998853 0.00932690
0.03093599 0.01118784
0.03062017 0.01056753
0.03156762 0.01242847
0.03125180 0.01180815
0.03219926 0.01366909
0.03188344 0.01304878
0.03295616 0.01490791
0.03257771 0.01428940
0.03371306 0.01614493
0.03333461 0.01552642
0.03446995 0.01738195
0.03409150 0.01676344
0.03522685 0.01861898
0.03484840 0.01800046
0.03603552 0.01985359
0.03563119 0.01923749
0.03684419 0.02108581
0.03643985 0.02046970
0.03765285 0.02231803
0.03724852 0.02170192
0.03846152 0.02355024
0.03805718 0.02293413
0.03924846 0.02477946
0.03885499 0.02416635
0.04003540 0.02600567
0.03964193 0.02539256
0.04082234 0.02723188
0.04042887 0.02661877
0.04160927 0.02845809
0.04121580 0.02784498
0.04230099 0.02968070
0.04195513 0.02907119
0.04299271 0.03089970
0.04264685 0.03029020
0.04368442 0.03211870
0.04333857 0.03150920
0.04437614 0.03333771
0.04403028 0.03272821
0.04489914 0.03455251
0.04463764 0.03394721
0.04542214 0.03576310
0.04516064 0.03515781
0.04594514 0.03697370
0.04568364 0.03636840
0.04646814 0.03818429
0.04620664 0.03757900
0.04674893 0.03939009
0.04660853 0.03878959
0.04702971 0.04059107
0.04688932 0.03999058
0.04731050 0.04179206
0.04717011 0.04119157
0.04759129 0.04299305
0.04745089 0.04239255
0.04756647 0.04418779
0.04757888 0.04359354
0.04754164 0.04537631
0.04755406 0.04478205
0.04751682 0.04656482
0.04752923 0.04597056
0.04749200 0.04775333
0.04750441 0.04715907
0.04716477 0.04892868
0.04732839 0.04834758
0.04683754 0.05009087
0.04700116 0.04950977
0.04651031 0.05125306
0.04667393 0.05067196
0.04618309 0.05241525
0.04634670 0.05183415
0.04558362 0.05355513
0.04588335 0.05299634
0.04498416 0.05467270
0.04528389 0.05411392
0.04438469 0.05579028
0.04468442 0.05523149
0.04378523 0.05690785
0.04408496 0.05634906
0.04294378 0.05799396
0.04336450 0.05746664
0.04210232 0.05904862
0.04252305 0.05852129
0.04126087 0.06010327
0.04168160 0.05957594
0.04041942 0.06115792
0.04084015 0.06063060
0.03936623 0.06217196
0.03989283 0.06168525
0.03831304 0.06314539
0.03883964 0.06265867
0.03725985 0.06411881
0.03778645 0.06363210
0.03620666 0.06509224
0.03673326 0.06460552
0.03497198 0.06601589
0.03558932 0.06557895
0.03373730 0.06688979
0.03435464 0.06645284
0.03250262 0.06776368
0.03311996 0.06732673
0.03126794 0.06863757
0.03188528 0.06820062
0.02988202 0.06945254
0.03057498 0.06907452
0.02849609 0.07020859
0.02918906 0.06983057
0.02711017 0.07096465
0.02780313 0.07058662
0.02572425 0.07172070
0.02641721 0.07134267
0.02421733 0.07240868
0.02497079 0.07209872
0.02271042 0.07302858
0.02346388 0.07271863
0.02120350 0.07364849
0.02195696 0.07333854
0.01969659 0.07426840
0.02045004 0.07395844
0.01809893 0.07481108
0.01889776 0.07457835
0.01650126 0.07527653
0.01730010 0.07504381
0.01490360 0.07574199
0.01570243 0.07550926
0.01330594 0.07620744
0.01410477 0.07597472
0.01164779 0.07658652
0.01247686 0.07644017
0.00998963 0.07687922
0.01081871 0.07673287
0.00833147 0.07717191
0.00916055 0.07702557
0.00667331 0.07746461
0.00750239 0.07731826
0.00498491 0.07766178
0.00582911 0.07761096
0.00329650 0.07776341
0.00414070 0.07771259
0.00160809 0.07786505
0.00245230 0.07781423
-0.00008031 0.07796668
0.00076389 0.07791586
-0.00176872 0.07796668
-0.00092452 0.07801750
-0.00345712 0.07786505
-0.00261292 0.07791586
-0.00514553 0.07776341
-0.00430133 0.07781423
-0.00683394 0.07766178
-0.00598973 0.07771259
-0.00849209 0.07746461
-0.00766302 0.07761096
-0.01015025 0.07717191
-0.00932117 0.07731826
-0.01180841 0.07687922
-0.01097933 0.07702557
-0.01346657 0.07658652
-0.01263749 0.07673287
-0.01506423 0.07620744
-0.01426540 0.07644017
-0.01666189 0.07574199
-0.01586306 0.07597472
-0.01825955 0.07527653
-0.01746072 0.07550926
-0.01985721 0.07481108
-0.01905838 0.07504381
-0.02136413 0.07426840
-0.02061067 0.07457835
-0.02287104 0.07364849
-0.02211759 0.07395844
-0.02437796 0.07302858
-0.02362450 0.07333854
-0.02588488 0.07240868
-0.02513142 0.07271863
-0.02727080 0.07172070
-0.02657784 0.07209872
-0.02865672 0.07096465
-0.02796376 0.07134267
-0.03004264 0.07020859
-0.02934968 0.07058662
-0.03142856 0.06945254
-0.03073560 0.06983057
-0.03266324 0.06863757
-0.03204590 0.06907452
-0.03389793 0.06776368
-0.03328059 0.06820062
-0.03513261 0.06688979
-0.03451527 0.06732673
-0.03636729 0.06601589
-0.03574995 0.06645284
-0.03742048 0.06509224
-0.03689388 0.06557895
-0.03847367 0.06411881
-0.03794707 0.06460552
-0.03952686 0.06314539
-0.03900026 0.06363210
-0.04058005 0.06217196
-0.04005345 0.06265867
-0.04142150 0.06115792
-0.04100077 0.06168525
-0.04226295 0.06010327
-0.04184222 0.06063060
-0.04310440 0.05904862
-0.04268368 0.05957594
-0.04394585 0.05799396
-0.04352513 0.05852129
-0.04454532 0.05690785
-0.04424558 0.05746664
-0.04514478 0.05579028
-0.04484505 0.05634906
-0.04574425 0.05467270
-0.04544451 0.05523149
-0.04634371 0.05355513
-0.04604398 0.05411392
-0.04667094 0.05241525
-0.04650732 0.05299634
-0.04699817 0.05125306
-0.04683455 0.05183415
-0.04732540 0.05009087
-0.04716178 0.05067196
-0.04765263 0.04892868
-0.04748901 0.04950977
-0.04767745 0.04775333
-0.04766504 0.04834758
-0.04770227 0.04656482
-0.04768986 0.04715907
-0.04772709 0.04537631
-0.04771468 0.04597056
-0.04775191 0.04418779
-0.04773950 0.04478205
-0.04747113 0.04299305
-0.04761152 0.04359354
-0.04719034 0.04179206
-0.04733073 0.04239255
-0.04690955 0.04059107
-0.04704994 0.04119157
-0.04662876 0.03939009
-0.04676916 0.03999058
-0.04610576 0.03818429
-0.04636726 0.03878959
-0.04558277 0.03697370
-0.04584427 0.03757900
-0.04505977 0.03576310
-0.04532127 0.03636840
-0.04453677 0.03455251
-0.04479827 0.03515781
-0.04384505 0.03333771
-0.04419091 0.03394721
-0.04315333 0.03211870
-0.04349919 0.03272821
-0.04246162 0.03089970
-0.04280747 0.03150920
-0.04176990 0.02968070
-0.04211576 0.03029020
-0.04098296 0.02845809
-0.04137643 0.02907119
-0.04019602 0.02723188
-0.04058949 0.02784498
-0.03940908 0.02600567
-0.03980255 0.02661877
-0.03862214 0.02477946
-0.03901561 0.02539256
-0.03781348 0.02355024
-0.03821781 0.02416635
-0.03700481 0.02231803
-0.03740914 0.02293413
-0.03619614 0.02108581
-0.03660048 0.02170192
-0.03538748 0.01985359
-0.03579181 0.02046970
-0.03463058 0.01861898
-0.03500903 0.01923749
-0.03387368 0.01738195
-0.03425213 0.01800046
-0.03311678 0.01614493
-0.03349523 0.01676344
-0.03235988 0.01490791
-0.03273833 0.01552642
-0.03172825 0.01366909
-0.03204407 0.01428940
-0.03109661 0.01242847
-0.03141243 0.01304878
-0.03046498 0.01118784
-0.03078079 0.01180815
-0.02983334 0.00994722
-0.03014916 0.01056753
-0.02940046 0.00870539
-0.02961690 0.00932690
-0.02896758 0.00746236
-0.02918402 0.00808388
-0.02853471 0.00621934
-0.02875115 0.00684085
-0.02810183 0.00497631
-0.02831827 0.00559782
-0.02794120 0.00373268
-0.02802152 0.00435480
-0.02778058 0.00248846
-0.02786089 0.00311057
-0.02761996 0.00124423
-0.02770027 0.00186634
-0.02745933 -0.00000000
-0.02753964 0.00062211